-455 1
-316 1
-302 1
-297 1
-281 1
-262 1
-261 1
-259 2
-253 1
-241 1
-238 1
-221 1
-215 1
-205 3
-194 2
-193 1
-192 1
-191 1
-190 2
-189 8
-188 1
-187 2
-185 1
-184 1
-181 2
-180 1
-177 3
-175 1
-174 1
-173 7
-172 3
-171 19
-170 15
-169 2
-168 6
-167 3
-166 3
-165 4
-163 5
-162 3
-161 1
-160 1
-159 4
-158 10
-157 4
-156 3
-155 3
-154 8
-153 7
-152 1
-151 1
-150 9
-149 1
-148 1
-147 6
-146 26
-145 1
-144 6
-143 2
-142 111
-141 6
-140 627
-139 7
-138 1
-137 175
-136 38
-135 10
-134 14
-133 24
-132 3
-131 15
-130 3
-129 13
-128 12
-127 9
-126 2
-125 27
-124 33
-123 13
-122 10
-121 32
-120 14
-119 10
-118 2
-117 3
-116 17
-115 8
-114 11
-113 11
-112 2
-111 10
-110 30
-109 1
-108 7
-107 5
-106 8
-105 10
-104 17
-103 10
-102 13
-101 17
-100 10
-99 10
-98 19
-97 22
-96 12
-95 23
-94 7
-93 27
-92 33
-91 10
-90 6
-89 34
-88 10
-87 23
-86 12
-85 11
-84 12
-83 15
-82 18
-81 21
-80 8
-79 51
-78 13
-77 18
-76 7
-75 17
-74 49
-73 27
-72 35
-71 24
-70 18
-69 11
-68 21
-67 34
-66 42
-65 21
-64 36
-63 30
-62 27
-61 57
-60 26
-59 33
-58 35
-57 49
-56 45
-55 26
-54 51
-53 44
-52 63
-51 67
-50 75
-49 66
-48 65
-47 66
-46 89
-45 70
-44 61
-43 82
-42 74
-41 106
-40 116
-39 118
-38 88
-37 76
-36 112
-35 111
-34 122
-33 541
-32 244
-31 562
-30 204
-29 227
-28 216
-27 313
-26 226
-25 257
-24 322
-23 359
-22 406
-21 468
-20 608
-19 1041
-18 763
-17 779
-16 982
-15 1176
-14 1642
-13 2340
-12 2665
-11 3897
-10 5359
-9 6045
-8 6736
-7 7658
-6 8947
-5 11485
-4 14940
-3 16876
-2 16271
-1 10773
0 30696
1 10960
2 16944
3 17121
4 14092
5 10908
6 8876
7 7627
8 6548
9 5876
10 5108
11 3759
12 2709
13 2257
14 1645
15 1181
16 963
17 690
18 812
19 1037
20 572
21 433
22 374
23 345
24 361
25 298
26 228
27 202
28 209
29 193
30 179
31 442
32 242
33 468
34 136
35 102
36 109
37 103
38 87
39 73
40 89
41 58
42 71
43 68
44 57
45 50
46 58
47 51
48 43
49 68
50 47
51 43
52 40
53 44
54 23
55 35
56 26
57 31
58 28
59 28
60 27
61 19
62 23
63 29
64 25
65 29
66 31
67 17
68 24
69 17
70 18
71 25
72 8
73 14
74 28
75 7
76 14
77 16
78 20
79 14
80 11
81 10
82 13
83 10
84 6
85 14
86 9
87 17
88 7
89 19
90 6
91 4
92 19
93 11
94 7
95 12
96 6
97 7
98 13
99 11
100 5
101 7
102 13
103 4
104 8
105 5
106 3
107 7
108 5
109 4
110 8
111 4
112 1
113 6
114 7
115 3
116 3
117 5
118 2
119 7
120 6
121 13
122 6
123 8
124 21
125 4
126 2
127 6
128 209
129 9
130 2
131 5
132 4
133 9
134 14
135 8
136 21
137 68
138 2
139 2
140 74
141 2
142 17
143 4
144 1
145 2
146 2
147 3
150 4
151 1
152 1
153 1
154 5
158 9
159 2
160 1
161 1
162 3
163 1
165 2
166 2
168 1
169 2
170 8
171 6
172 1
173 5
174 2
175 4
176 2
179 1
180 2
181 1
189 6
192 1
193 1
194 2
204 1
207 2
210 1
215 2
217 3
221 1
223 3
224 3
228 3
229 3
233 4
234 1
235 2
236 2
238 3
244 1
249 3
254 3
255 1
256 4
259 3
261 2
262 3
263 1
264 2
265 96
266 2
268 457
269 1
270 95
271 3
272 4
273 4
274 25
275 5
276 4
278 9
279 4
281 6
282 1
283 7
284 2
285 5
286 5
287 7
288 9
289 8
290 2
291 6
292 8
293 4
294 1
295 2
296 8
297 8
298 36
299 160
300 2
301 73
302 15
303 11
304 2
305 1
306 1
307 4
308 1
309 1
311 10
312 3
313 5
314 2
315 3
316 6
317 9
318 11
319 9
320 41
321 2
324 2
325 2
326 1
327 3
328 1
330 1
331 8
332 6
333 7
334 1
335 1
339 1
340 1
341 5
342 2
343 1
349 3
350 7
351 3
352 3
354 1
357 7
358 5
359 1
363 1
365 5
366 3
367 1
370 2
371 3
373 2
374 2
378 8
379 3
382 8
383 1
385 3
386 2
388 1
418 1
454 1
466 1
479 1
492 2
493 1
504 1
512 1
530 2
539 1
540 2
558 1
568 1
569 1
571 2
574 2
579 3
582 1
584 1
588 1
595 2
599 2
601 1
602 1
604 1
605 1
606 4
610 3
614 2
615 5
618 3
619 2
620 1
621 1
622 1
623 1
624 2
625 4
627 2
628 3
629 1
631 1
633 4
634 1
635 3
636 3
637 2
638 1
639 2
640 3
641 2
642 4
643 3
644 2
645 1
647 3
648 1
649 5
650 4
651 1
652 2
653 4
654 1
655 2
657 1
658 3
659 4
661 3
662 3
663 1
664 4
665 2
666 1
667 3
668 4
669 2
670 2
671 3
672 4
673 4
674 3
675 4
676 1
677 1
678 4
679 4
680 5
681 2
682 4
683 4
684 2
685 4
686 5
687 9
688 5
690 3
691 3
692 7
693 7
694 6
695 7
696 8
697 4
698 5
699 5
700 8
701 8
702 9
703 10
704 12
705 12
706 7
707 5
708 7
709 9
710 11
711 10
712 4
713 5
714 7
715 6
716 5
717 4
718 7
719 8
720 10
721 14
722 8
723 9
724 7
725 12
726 7
727 10
728 18
729 18
730 10
731 16
732 8
733 7
734 10
735 7
736 16
737 13
738 7
739 9
740 15
741 14
742 10
743 7
744 10
745 14
746 9
747 7
748 13
749 10
750 16
751 26
752 14
753 7
754 17
755 23
756 20
757 11
758 17
759 14
760 9
761 11
762 6
763 13
764 15
765 12
766 10
767 6
768 15
769 15
770 9
771 14
772 11
773 10
774 10
775 9
776 10
777 9
778 10
779 10
780 9
781 10
782 10
783 13
784 7
785 15
786 8
787 8
788 10
789 9
790 8
791 7
792 11
793 15
794 13
795 8
796 7
797 4
798 5
799 5
800 5
801 3
802 12
803 5
804 4
805 9
806 6
807 5
808 3
809 4
810 9
811 3
812 1
813 4
814 5
815 8
816 4
817 7
818 7
819 4
820 3
821 3
822 6
823 9
824 5
825 3
826 2
827 4
828 11
829 6
830 3
831 4
832 4
833 4
834 7
835 4
836 6
837 10
838 10
839 11
840 7
841 12
842 9
843 12
844 9
845 14
846 5
847 5
848 6
849 10
850 6
851 7
852 4
853 8
854 15
855 7
856 2
857 6
858 1
859 3
860 2
861 1
862 1
864 3
875 1
