-32 89
-31 63
-30 68
-29 68
-28 86
-27 83
-26 83
-25 94
-24 111
-23 95
-22 117
-21 116
-20 125
-19 155
-18 165
-17 158
-16 193
-15 181
-14 216
-13 232
-12 198
-11 253
-10 304
-9 329
-8 356
-7 367
-6 429
-5 463
-4 573
-3 604
-2 758
-1 870
0 33955
1 1738
2 1942
3 2817
4 3888
5 5338
6 7216
7 8856
8 9822
9 9994
10 10019
11 7745
12 5647
13 4942
14 3688
15 2520
16 2099
17 1604
18 1674
19 2050
20 1504
21 935
22 848
23 732
24 775
25 705
26 560
27 616
28 523
29 551
30 503
31 474
511 17816
1023 1905
1024 4738
