-32 10 1001100110
-31 9 010011101
-30 11 00001100010
-29 11 00000010010
-28 11 00001100000
-27 10 0100001101
-26 11 00000010011
-25 10 1001100101
-24 10 0100001100
-23 10 0100001000
-22 10 0000111000
-21 10 0000001000
-20 9 010000111
-19 8 01001111
-18 9 000011110
-17 9 000011101
-16 8 10011010
-15 8 01001001
-14 8 00001101
-13 7 0100101
-12 7 0100000
-11 6 100111
-10 6 001001
-9 6 000100
-8 6 000001
-7 5 10110
-6 5 01010
-5 5 00011
-4 4 1110
-3 4 1000
-2 4 1010
-1 5 00111
0 3 110
1 5 00101
2 4 0111
3 4 0110
4 4 1111
5 5 00110
6 5 01011
7 5 10111
8 6 000010
9 6 000101
10 6 010001
11 7 0000000
12 7 0010001
13 7 0100110
14 8 00000011
15 8 01001000
16 8 10011011
17 9 010000101
18 9 000011001
19 8 10011000
20 9 010011100
21 10 0000001011
22 10 0000111001
23 10 0100001001
24 10 0000111111
25 10 1001100100
26 10 1001100111
27 11 00001100011
28 11 00001100001
29 11 00001111100
30 11 00001111101
31 10 0000001010
511 5 10010
2047 7 0010000
