20418699
20680273
20680321
20921502
20433808
20680265
20433772
20425164
20680298
20680304
20433779
20680279
20680271
20680305
20680300
20433793
20433790
20433815
20418690
20425162
20680295
20680284
20433810
20680306
20425153
20680313
20433773
20680277
20680272
20680317
20680290
20433807
20680275
20680293
20680325
20680269
20680307
20433804
20921485
20921476
20921481
20921474
20921473
20921489
20921482
20921495
20921496
20921499
20921498
20921501
20921500
20921497
20921494
20921493
20937743
20937747
20937742
20937746
20937737
20937744
20937745
20680270
20418694
20425143
20680301
20433796
20680297
20680276
20433806
20369368
20921475
20418704
20433792
20680267
20418700
20680286
20680303
20680294
20369367
20680318
20921483
20680283
20680322
20425145
20680324
20680319
20680266
20680299
20921488
20921491
20418703
20433770
20369363
20425160
20433780
20921487
20680309
20680327
20921490
20680312
20921486
20425146
20680308
20921479
20305333
20425158
20921477
20425147
20680278
20680316
20921480
20680323
20921478
20680310
20921484