84060,10.5
85980,10.5
87900,10.5
89820,10.5
91740,10.5
93660,10.5
95580,10.5
97500,10.5
99420,10.5
101340,10.5
103260,10.5
105180,10.5
105660,10.5
105780,10.5
105900,10.5
106020,10.5
106140,10.5
106260,10.5
106380,10.5
106500,10.5
106620,10.5
106740,12.5
106860,12.5
106980,12.5
107100,12.5
107220,12.5
107340,12.5
107460,12.5
107520,12.5
107580,12.5
107640,12.5
107700,12.5
107760,12.5
107820,12.5
107880,12.5
107940,12.5
108000,12.5
108060,12.5
108120,12.5
108180,12.5
108240,12.5
108300,12.5
108360,12.5
108420,12.5
108480,12.5
108540,12.5
108600,14
108660,14
108720,14
108780,14
108840,14
108900,14
108960,14
109020,14
109080,14
109140,14
109200,14
109260,14
109320,14
109380,14
109440,14
109500,14
109560,14
109620,14
109680,14
109740,14
109800,14
109860,14
109920,14
109980,14
110040,14
110100,14
110160,14
110220,14
81660,14
81720,14
81780,14
81840,14
81900,14
81960,14
82020,14
82080,14
82140,14
82200,14
82260,14
82320,14
82380,14
82440,14
82500,14
82560,14
82620,14
82680,14
82740,14
82800,14
82860,14
82920,14
82980,14
83040,14
83100,14
83160,14
83220,14
83280,14
