Enter start time in hour: 
Start time in sec: 13fe8
00000000000000001000111000001010 10000110010100100110011101011111 10110110111110110100101100010110 
Light packet: 0 CHIP_ID: e
Waiting for second packet.


00000000000000001001111000001001 00001010010100000010100000001110 01010001010101010001010110110000 
Light packet: 1 CHIP_ID: e
0000000000000000000010101000011001010010011001110101111110110110111110110100101100010110000010010000101001010000001010000000111001010001010101010001010110110000
16bea
xo_day_time_in_sec: 93162 1456
674
l1_mode: 1 l1_len: 1
l2_mode: 2 l2_len: 2
7
92990 681
10
92818 691
l1_mode: 2 l1_len: 2
l2_mode: 2 l2_len: 2
36
92130 727
44
91442 771
l2_mode: 3 l2_len: 2
2010
90754 733
1974
90066 659
l1_mode: 3 l1_len: 2
l2_mode: 3 l2_len: 1
659
87314 659
l2_mode: 2 l2_len: 1
42
84562 701
Error reading len size 2


00000000000000001010111000000011 00000010000111111111011111001001 11101011111000011101110111110100 
Light packet: 2 CHIP_ID: 14
Waiting for second packet.


00000000000000001011111001011000 11000010101100010100100100100000 01000001000100111111010111011001 
Light packet: 3 CHIP_ID: 14
0000000000000000000000110000001000011111111101111100100111101011111000011101110111110100010110001100001010110001010010010010000001000001000100111111010111011001
95828
xo_day_time_in_sec: 95828 1497
638
l1_mode: 0 l1_len: 1
l2_mode: 0 l2_len: 2
4
95742 642
2
95656 644
l1_mode: 1 l1_len: 2
l2_mode: 1 l2_len: 12
5
95484 649
6
95312 655
11
95140 666
58
94968 660
59
94796 655
14
94624 669
60
94452 665
53
94280 654
19
94108 673
62
93936 671
62
93764 669
15
93592 684
l2_mode: 0 l2_len: 1
6
93420 690


00000000000000001100111001100101 10001000011001101111100010011001 10001110111101110111011110000000 
Light packet: 4 CHIP_ID: 14
Waiting for second packet.


00000000000000001101111000001001 10010000100000001111111001110011 01100001000101001100010111111110 
Light packet: 5 CHIP_ID: 14
0000000000000000011001011000100001100110111110001001100110001110111101110111011110000000000010011001000010000000111111100111001101100001000101001100010111111110
98150
xo_day_time_in_sec: 98150 1534
664
l1_mode: 0 l1_len: 1
l2_mode: 0 l2_len: 27
14
98064 662
12
97978 658
15
97892 657
1
97806 658
0
97720 658
1
97634 659
2
97548 661
3
97462 664
1
97376 665
0
97290 665
0
97204 665
15
97118 664
14
97032 662
14
96946 660
14
96860 658
13
96774 655
1
96688 656
3
96602 659
3
96516 662
1
96430 663
15
96344 662
13
96258 659
12
96172 655
0
96086 655
1
96000 656
11
95914 651
12
95828 647
Error reading len size 2


00000000000000001110111000001100 11001101000101001000000000000100 10001100110100011001100110010000 
Light packet: 6 CHIP_ID: 14
Waiting for second packet.


00000000000000001111111000001000 00100100101100111100101100010100 11001010000100010101011000011101 
Light packet: 7 CHIP_ID: 14
0000000000000000000011001100110100010100100000000000010010001100110100011001100110010000000010000010010010110011110010110001010011001010000100010101011000011101
100128
xo_day_time_in_sec: 100128 1565
554
l1_mode: 0 l1_len: 2
l2_mode: 1 l2_len: 6
5
100042 559
11
99956 570
15
99870 585
11
99784 596
9
99698 605
8
99612 613
l2_mode: 0 l2_len: 16
6
99526 619
6
99440 625
6
99354 631
4
99268 635
3
99182 638
3
99096 641
2
99010 643
1
98924 644
0
98838 644
0
98752 644
2
98666 646
5
98580 651
4
98494 655
3
98408 658
3
98322 661
3
98236 664
Error reading len size 3


00000000000000001000111000000011 00110011001101000100010001000100 01000100001011101110001110000010 
Light packet: 0 CHIP_ID: 14
Waiting for second packet.


00000000000000001001111000001001 00100000011100011000101010110000 00100011000011101010011000111010 
Light packet: 1 CHIP_ID: 14
0000000000000000000000110011001100110100010001000100010001000100001011101110001110000010000010010010000001110001100010101011000000100011000011101010011000111010
102020
xo_day_time_in_sec: 102020 1594
468
l1_mode: 0 l1_len: 3
l2_mode: 0 l2_len: 1
6
101934 474
l2_mode: 1 l2_len: 5
6
101848 480
7
101762 487
8
101676 495
9
101590 504
8
101504 512
l2_mode: 0 l2_len: 14
14
101418 510
14
101332 508
2
101246 510
4
101160 514
4
101074 518
4
100988 522
4
100902 526
4
100816 530
4
100730 534
4
100644 538
3
100558 541
3
100472 544
3
100386 547
3
100300 550
Error reading len size 3


00000000000000001010111000001010 00101100110100110100111000111000 11100011110011110011110011100011 
Light packet: 2 CHIP_ID: 14
Waiting for second packet.


00000000000000001011111011001101 00110100110100110100101101111110 01001001000001100101111001010011 
Light packet: 3 CHIP_ID: 14
0000000000000000000010100010110011010011010011100011100011100011110011110011110011100011110011010011010011010011010010110111111001001001000001100101111001010011
103568
xo_day_time_in_sec: 103568 1619
203
l1_mode: 0 l1_len: 1
l2_mode: 1 l2_len: 18
31
103482 234
11
103396 245
13
103310 258
13
103224 271
13
103138 284
13
103052 297
15
102966 312
14
102880 326
15
102794 341
15
102708 356
15
102622 371
14
102536 385
14
102450 399
14
102364 413
13
102278 426
13
102192 439
11
102106 450
10
102020 460
Error reading len size 3


00000000000000001100111000111100 01100100100101111101100000100100 11001101000101000111010100100000 
Light packet: 4 CHIP_ID: 14
Waiting for second packet.


00000000000000001101111011100001 00001001011011000010010010010100 00110100000000000000011001101001 
Light packet: 5 CHIP_ID: 14
0000000000000000001111000110010010010111110110000010010011001101000101000111010100100000111000010000100101101100001001001001010000110100000000000000011001101001
105030
xo_day_time_in_sec: 105030 1641
0
l1_mode: 0 l1_len: 4
l2_mode: 2 l2_len: 1
74
104944 74
l2_mode: 1 l2_len: 2
54
104858 64
18
104772 82
l2_mode: 0 l2_len: 2
7
104686 89
0
104600 89
l2_mode: 1 l2_len: 10
7
104514 96
5
104428 101
13
104342 114
19
104256 133
2
104170 135
54
104084 125
23
103998 148
18
103912 166
6
103826 172
15
103740 187
Error reading len size 2


00000000000000001110111000000000 00101000001010010000001110000000 00000000001000000111100000000100 
Light packet: 6 CHIP_ID: 14
Waiting for second packet.


00000000000000001111111000011100 00000010000001110000000010000001 01010010000000000000011001111001 
Light packet: 7 CHIP_ID: 14
0000000000000000000000000010100000101001000000111000000000000000001000000111100000000100000111000000001000000111000000001000000101010010000000000000011001111001
106062
xo_day_time_in_sec: 106062 1657
0
l1_mode: 0 l1_len: 2
l2_mode: 2 l2_len: 10
64
105976 64
448
105890 0
64
105804 64
448
105718 0
32
105632 32
480
105546 0
64
105460 64
0
105374 64
448
105288 0
64
105202 64
l2_mode: 1 l2_len: 1
10
105116 74


00000000000000001000111000000000 00000000110010111000000001000000 11100000000100000001011000100111 
Light packet: 0 CHIP_ID: 14
Waiting for second packet.


00000000000000001001111010000000 00000000010100000000000000000000 10000010010000010000011010010001 
Light packet: 1 CHIP_ID: 14
0000000000000000000000000000000011001011100000000100000011100000000100000001011000100111100000000000000001010000000000000000000010000010010000010000011010010001
107524
xo_day_time_in_sec: 107524 1681
32
l1_mode: 1 l1_len: 2
l2_mode: 0 l2_len: 4
0
107352 32
0
107180 32
0
107008 32
0
106836 32
l2_mode: 2 l2_len: 2
0
106664 32
480
106492 0
l1_mode: 0 l1_len: 1
l2_mode: 2 l2_len: 5
64
106406 64
448
106320 0
64
106234 64
448
106148 0
50
106062 50


00000000000000001010111010000000 00000000000001101000000000100000 10000011110000000000000000010000 
Light packet: 2 CHIP_ID: 14
Waiting for second packet.


00000000000000001011111001111000 00010110011010000000000001000000 01010001100000000000011011000001 
Light packet: 3 CHIP_ID: 14
0000000000000000100000000000000000000110100000000010000010000011110000000000000000010000011110000001011001101000000000000100000001010001100000000000011011000001
110620
xo_day_time_in_sec: 110620 1729
0
l1_mode: 2 l1_len: 1
l2_mode: 2 l2_len: 2
32
109932 32
0
109244 32
l1_mode: 1 l1_len: 3
l2_mode: 2 l2_len: 5
480
109072 0
32
108900 32
0
108728 32
480
108556 0
32
108384 32
l2_mode: 0 l2_len: 1
0
108212 32
l2_mode: 1 l2_len: 3
0
108040 32
0
107868 32
32
107696 0
Error reading len size 2


00000000000000001100111000000000 00000010000110000000000000100010 11101100100000001001111110010010 
Light packet: 4 CHIP_ID: 14
Waiting for second packet.


00000000000000001101111010111101 00100001010010000001011111011100 10010011110000111001000010110000 
Light packet: 5 CHIP_ID: 14
0000000000000000000000000000001000011000000000000010001011101100100000001001111110010010101111010010000101001000000101111101110010010011110000111001000010110000
11234
xo_day_time_in_sec: 142268 176
114
l1_mode: 3 l1_len: 3
l2_mode: 2 l2_len: 4
494
139516 96
5
136764 101
41
134012 142
466
131260 96
l2_mode: 1 l2_len: 5
57
128508 89
39
125756 64
0
123004 64
50
120252 50
46
117500 32
l2_mode: 0 l2_len: 2
0
114748 32
0
111996 32
l1_mode: 2 l1_len: 1
l2_mode: 0 l2_len: 1
0
111308 32


00000000000000001110111000000000 01100001100001100001110000010000 00100010011101010110001110000010 
Light packet: 6 CHIP_ID: 14
Waiting for second packet.


00000000000000001111111000111101 01000101010001100001011101011110 00110011100001100111000111011101 
Light packet: 7 CHIP_ID: 14
0000000000000000000000000110000110000110000111000001000000100010011101010110001110000010001111010100010101000110000101110101111000110011100001100111000111011101
30498
xo_day_time_in_sec: 161532 477
206
l1_mode: 2 l1_len: 3
l2_mode: 2 l2_len: 1
431
160844 125
l2_mode: 1 l2_len: 1
35
160156 96
l2_mode: 2 l2_len: 2
490
159468 74
8
158780 82
l1_mode: 3 l1_len: 1
l2_mode: 2 l2_len: 5
157
156028 239
4
153276 243
449
150524 180
48
147772 228
390
145020 106


00000000000000001000111000101000 10001110010010001010010110100010 11101011001100011100101101011101 
Light packet: 0 CHIP_ID: 14
Waiting for second packet.


00000000000000001001111000011000 10010111101111101000010011011000 00100010000100001010001000000100 
Light packet: 1 CHIP_ID: 14
0000000000000000001010001000111001001000101001011010001011101011001100011100101101011101000110001001011110111110100001001101100000100010000100001010001000000100
32992
xo_day_time_in_sec: 164026 516
532
l1_mode: 0 l1_len: 2
l2_mode: 0 l2_len: 1
11
163940 527
l2_mode: 1 l2_len: 2
58
163854 521
59
163768 516
l1_mode: 1 l1_len: 1
l2_mode: 1 l2_len: 12
52
163596 504
53
163424 493
50
163252 479
49
163080 464
44
162908 444
46
162736 426
40
162564 402
37
162392 375
34
162220 345
36
162048 317
35
161876 288
40
161704 264
Error reading len size 3


00000000000000001010111001100110 01100110011001100110111011101110 11111111011011111111011101110111 
Light packet: 2 CHIP_ID: 14
Waiting for second packet.


00000000000000001011111011110111 11110111111111110111111111111011 01100001000100101011101000101010 
Light packet: 3 CHIP_ID: 14
00000000000000000110011001100110011001100110111011101110111111110110111111110111011101111111011111110111111111110111111111111011011000010001001010111 01000101010
35400
xo_day_time_in_sec: 166434 554
599
l1_mode: 0 l1_len: 1
l2_mode: 0 l2_len: 27
15
166348 598
15
166262 597
15
166176 596
14
166090 594
15
166004 593
15
165918 592
14
165832 590
15
165746 589
14
165660 587
15
165574 586
14
165488 584
14
165402 582
14
165316 580
15
165230 579
13
165144 576
14
165058 574
15
164972 573
13
164886 570
13
164800 567
13
164714 564
13
164628 561
12
164542 557
12
164456 553
12
164370 549
12
164284 545
12
164198 541
12
164112 537
Error reading len size 2


00000000000000001100111001111111 11111111111110000111000001110000 01111111111101111000011100000111 
Light packet: 4 CHIP_ID: 14
Waiting for second packet.


00000000000000001101111010000111 11111000011111111111100001111011 01100001000100110111101001010000 
Light packet: 5 CHIP_ID: 14
0000000000000000011111111111111111111000011100000111000001111111111101111000011100000111100001111111100001111111111110000111101101100001000100110111101001010000
37894
xo_day_time_in_sec: 168928 592
623
l1_mode: 0 l1_len: 1
l2_mode: 0 l2_len: 27
15
168842 622
0
168756 622
15
168670 621
15
168584 620
15
168498 619
0
168412 619
15
168326 618
15
168240 617
0
168154 617
15
168068 616
0
167982 616
14
167896 614
0
167810 614
15
167724 613
14
167638 611
15
167552 610
15
167466 609
0
167380 609
14
167294 607
0
167208 607
14
167122 605
0
167036 605
15
166950 604
15
166864 603
15
166778 602
15
166692 601
15
166606 600
Error reading len size 2


00000000000000001110111001111111 11111000011110000111111110000000 01111111111111111111111101110111 
Light packet: 6 CHIP_ID: 14
Waiting for second packet.


00000000000000001111111001100110 11110111011111111000011111111011 01100001000101001000001001110101 
Light packet: 7 CHIP_ID: 14
0000000000000000011111111111100001111000011111111000000001111111111111111111111101110111011001101111011101111111100001111111101101100001000101001000001001110101
40216
xo_day_time_in_sec: 171250 629
656
l1_mode: 0 l1_len: 1
l2_mode: 0 l2_len: 27
15
171164 655
15
171078 654
0
170992 654
15
170906 653
15
170820 652
14
170734 650
14
170648 648
13
170562 645
12
170476 641
14
170390 639
14
170304 637
14
170218 635
15
170132 634
15
170046 633
15
169960 632
15
169874 631
15
169788 630
0
169702 630
0
169616 630
15
169530 629
15
169444 628
0
169358 628
15
169272 627
0
169186 627
15
169100 626
15
169014 625
15
168928 624
Error reading len size 2


00000000000000001000111011111111 00001111111100001111111111110001 00111110001100000010011010001010 
Light packet: 0 CHIP_ID: 14
Waiting for second packet.


00000000000000001010111000000000 01101000010001101110111001111101 11010001000111001110000010001101 
Light packet {14, 0} not matched. Discarded. 
Light packet: 2 CHIP_ID: 14
Waiting for second packet.


00000000000000001011111011111001 10110000000011111100110100111100 11101100000101010110001010101000 
Light packet: 3 CHIP_ID: 14
0000000000000000000000000110100001000110111011100111110111010001000111001110000010001101111110011011000000001111110011010011110011101100000101010110001010101000
43484
xo_day_time_in_sec: 174518 680
684
l1_mode: 0 l1_len: 4
l2_mode: 1 l2_len: 7
15
174432 699
13
174346 712
63
174260 711
0
174174 711
44
174088 691
57
174002 684
55
173916 675
l2_mode: 0 l2_len: 2
14
173830 673
12
173744 669
l2_mode: 1 l2_len: 4
58
173658 663
62
173572 661
28
173486 689
55
173400 680
l2_mode: 0 l2_len: 2
13
173314 677
0
173228 677


00000000000000001100111000000000 00000110000010000100110110101110 01010011110000001100101010011001 
Light packet: 4 CHIP_ID: 14
Waiting for second packet.


00000000000000001101111001111001 01101111011011110110100001111001 01100010010101011000101011010110 
Light packet: 5 CHIP_ID: 14
0000000000000000000000000000011000001000010011011010111001010011110000001100101010011001011110010110111101101111011010000111100101100010010101011000101011010110
46408
xo_day_time_in_sec: 177442 726
689
l1_mode: 1 l1_len: 2
l2_mode: 0 l2_len: 11
15
177270 688
0
177098 688
13
176926 685
14
176754 683
13
176582 680
14
176410 678
13
176238 675
2
176066 677
15
175894 676
2
175722 678
3
175550 681
l2_mode: 1 l2_len: 5
3
175378 684
60
175206 680
20
175034 700
46
174862 682
54
174690 672
l1_mode: 0 l1_len: 1
l2_mode: 0 l2_len: 1
3
174604 675


00000000000000001110111000000000 00000000000000000000000000000000 00000000000000000000000000000000 
Light packet: 6 CHIP_ID: 14
Waiting for second packet.


00000000000000001111111000000000 00000000100000010000101111101100 01001010100101010101101100000001 
Light packet: 7 CHIP_ID: 14
0000000000000000000000000000000000000000000000000000000000000000000000000000000000000000000000000000000010000001000010111110110001001010100101010101101100000001
49160
xo_day_time_in_sec: 180194 769
683
l1_mode: 2 l1_len: 2
l2_mode: 1 l2_len: 2
59
179506 678
11
178818 689
l2_mode: 0 l2_len: 1
2
178130 691


00000000000000000000111011001010 11100000010101101011010101000010 00000011110001111000111000011011 
Temp packet: 0 CHIP_ID: 14
xo_day_time_in_min: 1623
103826
xo_day_time_in_sec: 103826
19592 338
18ad2 35d
18012 3ab
17552 3ab
16a92 400
15fd2 5a8
15512 706
14a52 671


00000000000000000001111011110111 00100000001101000110010011001001 10000011000001100000110000011001 
Temp packet: 1 CHIP_ID: e
xo_day_time_in_min: 7b9
1ee42
xo_day_time_in_sec: 126530
1ee42 2f4
1e382 2d4
1d8c2 2d4
1ce02 2d4
1c342 2d4
1b882 2f4
1adc2 2f4
1a302 315


00000000000000000010111000100010 00100000001100100110000011000001 01110010111001011100101110010110 
Temp packet: 2 CHIP_ID: e
xo_day_time_in_min: 111
4412
xo_day_time_in_sec: 148460
243ec 297
2392c 2b5
22e6c 2b5
223ac 2b5
218ec 2b5
20e2c 2d4
2036c 2d4
1f8ac 2f4


00000000000000000011111001001100 00000000001011000101100010110001 01110010111001011100101110010111 
Temp packet: 3 CHIP_ID: e
xo_day_time_in_min: 260
980e
xo_day_time_in_sec: 169960
297e8 2b5
28d28 2b5
28268 2b5
277a8 2b5
26ce8 2b5
26228 297
25768 297
24ca8 297


00000000000000000100111001100001 10000000000000000000000000000000 00000011001001100100110110100011 
Temp packet: 4 CHIP_ID: e
xo_day_time_in_min: 30c
c30e
xo_day_time_in_sec: 180968
2c2e8 48e
2b828 338
2ad68 2f4
2a2a8 2f4


